         1         1         1         0         0
         2         1         2         0         0
         3         1         3         1        -1
         4         1         3         1         0
         5         1         3         1         1
         6         1         4         2        -2
         7         1         4         2        -1
         8         1         4         2         0
         9         1         4         2         1
        10         1         4         2         2
        11         1         5         2        -2
        12         1         5         2        -1
        13         1         5         2         0
        14         1         5         2         1
        15         1         5         2         2
        16         1         6         0         0
        17         1         7         1        -1
        18         1         7         1         0
        19         1         7         1         1
        20         1         8         1        -1
        21         1         8         1         0
        22         1         8         1         1
        23         1         9         1        -1
        24         1         9         1         0
        25         1         9         1         1
        26         1        10         3        -3
        27         1        10         3        -2
        28         1        10         3        -1
        29         1        10         3         0
        30         1        10         3         1
        31         1        10         3         2
        32         1        10         3         3
        33         1        11         1        -1
        34         1        11         1         0
        35         1        11         1         1
        36         1        12         2        -2
        37         1        12         2        -1
        38         1        12         2         0
        39         1        12         2         1
        40         1        12         2         2
        41         1        13         2        -2
        42         1        13         2        -1
        43         1        13         2         0
        44         1        13         2         1
        45         1        13         2         2
        46         1        14         0         0
        47         1        15         2        -2
        48         1        15         2        -1
        49         1        15         2         0
        50         1        15         2         1
        51         1        15         2         2
        52         1        16         0         0
        53         1        17         4        -4
        54         1        17         4        -3
        55         1        17         4        -2
        56         1        17         4        -1
        57         1        17         4         0
        58         1        17         4         1
        59         1        17         4         2
        60         1        17         4         3
        61         1        17         4         4
        62         1        18         3        -3
        63         1        18         3        -2
        64         1        18         3        -1
        65         1        18         3         0
        66         1        18         3         1
        67         1        18         3         2
        68         1        18         3         3
        69         1        19         2        -2
        70         1        19         2        -1
        71         1        19         2         0
        72         1        19         2         1
        73         1        19         2         2
        74         1        20         1        -1
        75         1        20         1         0
        76         1        20         1         1
        77         1        21         0         0
        78         2        22         0         0
        79         2        23         0         0
        80         2        24         1        -1
        81         2        24         1         0
        82         2        24         1         1
        83         2        25         0         0
        84         2        26         1        -1
        85         2        26         1         0
        86         2        26         1         1
        87         2        27         1        -1
        88         2        27         1         0
        89         2        27         1         1
        90         2        28         2        -2
        91         2        28         2        -1
        92         2        28         2         0
        93         2        28         2         1
        94         2        28         2         2
        95         2        29         1        -1
        96         2        29         1         0
        97         2        29         1         1
        98         2        30         0         0
        99         2        31         0         0
       100         2        32         1        -1
       101         2        32         1         0
       102         2        32         1         1
       103         2        33         2        -2
       104         2        33         2        -1
       105         2        33         2         0
       106         2        33         2         1
       107         2        33         2         2
       108         2        34         2        -2
       109         2        34         2        -1
       110         2        34         2         0
       111         2        34         2         1
       112         2        34         2         2
       113         2        35         3        -3
       114         2        35         3        -2
       115         2        35         3        -1
       116         2        35         3         0
       117         2        35         3         1
       118         2        35         3         2
       119         2        35         3         3
       120         2        36         4        -4
       121         2        36         4        -3
       122         2        36         4        -2
       123         2        36         4        -1
       124         2        36         4         0
       125         2        36         4         1
       126         2        36         4         2
       127         2        36         4         3
       128         2        36         4         4
       129         2        37         2        -2
       130         2        37         2        -1
       131         2        37         2         0
       132         2        37         2         1
       133         2        37         2         2
       134         2        38         3        -3
       135         2        38         3        -2
       136         2        38         3        -1
       137         2        38         3         0
       138         2        38         3         1
       139         2        38         3         2
       140         2        38         3         3
       141         2        39         0         0
       142         2        40         1        -1
       143         2        40         1         0
       144         2        40         1         1
       145         2        41         1        -1
       146         2        41         1         0
       147         2        41         1         1
       148         2        42         2        -2
       149         2        42         2        -1
       150         2        42         2         0
       151         2        42         2         1
       152         2        42         2         2
       153         2        43         3        -3
       154         2        43         3        -2
       155         2        43         3        -1
       156         2        43         3         0
       157         2        43         3         1
       158         2        43         3         2
       159         2        43         3         3
       160         2        44         3        -3
       161         2        44         3        -2
       162         2        44         3        -1
       163         2        44         3         0
       164         2        44         3         1
       165         2        44         3         2
       166         2        44         3         3
       167         2        45         3        -3
       168         2        45         3        -2
       169         2        45         3        -1
       170         2        45         3         0
       171         2        45         3         1
       172         2        45         3         2
       173         2        45         3         3
       174         2        46         4        -4
       175         2        46         4        -3
       176         2        46         4        -2
       177         2        46         4        -1
       178         2        46         4         0
       179         2        46         4         1
       180         2        46         4         2
       181         2        46         4         3
       182         2        46         4         4
       183         2        47         4        -4
       184         2        47         4        -3
       185         2        47         4        -2
       186         2        47         4        -1
       187         2        47         4         0
       188         2        47         4         1
       189         2        47         4         2
       190         2        47         4         3
       191         2        47         4         4
       192         2        48         5        -5
       193         2        48         5        -4
       194         2        48         5        -3
       195         2        48         5        -2
       196         2        48         5        -1
       197         2        48         5         0
       198         2        48         5         1
       199         2        48         5         2
       200         2        48         5         3
       201         2        48         5         4
       202         2        48         5         5
       203         2        49         0         0
       204         2        50         1        -1
       205         2        50         1         0
       206         2        50         1         1
       207         2        51         2        -2
       208         2        51         2        -1
       209         2        51         2         0
       210         2        51         2         1
       211         2        51         2         2
       212         2        52         2        -2
       213         2        52         2        -1
       214         2        52         2         0
       215         2        52         2         1
       216         2        52         2         2
       217         2        53         3        -3
       218         2        53         3        -2
       219         2        53         3        -1
       220         2        53         3         0
       221         2        53         3         1
       222         2        53         3         2
       223         2        53         3         3
       224         2        54         0         0
       225         2        55         6        -6
       226         2        55         6        -5
       227         2        55         6        -4
       228         2        55         6        -3
       229         2        55         6        -2
       230         2        55         6        -1
       231         2        55         6         0
       232         2        55         6         1
       233         2        55         6         2
       234         2        55         6         3
       235         2        55         6         4
       236         2        55         6         5
       237         2        55         6         6
       238         2        56         5        -5
       239         2        56         5        -4
       240         2        56         5        -3
       241         2        56         5        -2
       242         2        56         5        -1
       243         2        56         5         0
       244         2        56         5         1
       245         2        56         5         2
       246         2        56         5         3
       247         2        56         5         4
       248         2        56         5         5
       249         2        57         4        -4
       250         2        57         4        -3
       251         2        57         4        -2
       252         2        57         4        -1
       253         2        57         4         0
       254         2        57         4         1
       255         2        57         4         2
       256         2        57         4         3
       257         2        57         4         4
       258         2        58         3        -3
       259         2        58         3        -2
       260         2        58         3        -1
       261         2        58         3         0
       262         2        58         3         1
       263         2        58         3         2
       264         2        58         3         3
       265         2        59         2        -2
       266         2        59         2        -1
       267         2        59         2         0
       268         2        59         2         1
       269         2        59         2         2
       270         2        60         1        -1
       271         2        60         1         0
       272         2        60         1         1
       273         2        61         0         0
