         1         1         1         0         0
         2         1         2         0         0
         3         1         3         1        -1
         4         1         3         1         0
         5         1         3         1         1
         6         1         4         0         0
         7         1         5         1        -1
         8         1         5         1         0
         9         1         5         1         1
        10         1         6         1        -1
        11         1         6         1         0
        12         1         6         1         1
        13         1         7         0         0
        14         1         8         2        -2
        15         1         8         2        -1
        16         1         8         2         0
        17         1         8         2         1
        18         1         8         2         2
        19         1         9         1        -1
        20         1         9         1         0
        21         1         9         1         1
        22         1        10         0         0
        23         2        11         0         0
        24         2        12         0         0
        25         2        13         1        -1
        26         2        13         1         0
        27         2        13         1         1
        28         2        14         0         0
        29         2        15         1        -1
        30         2        15         1         0
        31         2        15         1         1
        32         2        16         1        -1
        33         2        16         1         0
        34         2        16         1         1
        35         2        17         2        -2
        36         2        17         2        -1
        37         2        17         2         0
        38         2        17         2         1
        39         2        17         2         2
        40         2        18         1        -1
        41         2        18         1         0
        42         2        18         1         1
        43         2        19         0         0
        44         2        20         0         0
        45         2        21         1        -1
        46         2        21         1         0
        47         2        21         1         1
        48         2        22         2        -2
        49         2        22         2        -1
        50         2        22         2         0
        51         2        22         2         1
        52         2        22         2         2
        53         2        23         0         0
        54         2        24         1        -1
        55         2        24         1         0
        56         2        24         1         1
        57         2        25         2        -2
        58         2        25         2        -1
        59         2        25         2         0
        60         2        25         2         1
        61         2        25         2         2
        62         2        26         1        -1
        63         2        26         1         0
        64         2        26         1         1
        65         2        27         0         0
