         1         1         1         0         0
         2         1         2         2        -2
         3         1         2         2        -1
         4         1         2         2         0
         5         1         2         2         1
         6         1         2         2         2
         7         1         3         0         0
         8         1         4         2        -2
         9         1         4         2        -1
        10         1         4         2         0
        11         1         4         2         1
        12         1         4         2         2
        13         1         5         0         0
        14         1         6         4        -4
        15         1         6         4        -3
        16         1         6         4        -2
        17         1         6         4        -1
        18         1         6         4         0
        19         1         6         4         1
        20         1         6         4         2
        21         1         6         4         3
        22         1         6         4         4
        23         1         7         3        -3
        24         1         7         3        -2
        25         1         7         3        -1
        26         1         7         3         0
        27         1         7         3         1
        28         1         7         3         2
        29         1         7         3         3
        30         1         8         2        -2
        31         1         8         2        -1
        32         1         8         2         0
        33         1         8         2         1
        34         1         8         2         2
        35         1         9         1        -1
        36         1         9         1         0
        37         1         9         1         1
        38         1        10         0         0
        39         2        11         0         0
        40         2        12         0         0
        41         2        13         1        -1
        42         2        13         1         0
        43         2        13         1         1
        44         2        14         0         0
        45         2        15         1        -1
        46         2        15         1         0
        47         2        15         1         1
        48         2        16         2        -2
        49         2        16         2        -1
        50         2        16         2         0
        51         2        16         2         1
        52         2        16         2         2
        53         2        17         1        -1
        54         2        17         1         0
        55         2        17         1         1
        56         2        18         0         0
