         1         1        18         0         0
         2         1        19         0         0
         3         1        20         1        -1
         4         1        20         1         0
         5         1        20         1         1
         6         1        21         1        -1
         7         1        21         1         0
         8         1        21         1         1
         9         1        22         0         0
        10         1        23         2        -2
        11         1        23         2        -1
        12         1        23         2         0
        13         1        23         2         1
        14         1        23         2         2
        15         1        24         1        -1
        16         1        24         1         0
        17         1        24         1         1
        18         1        25         0         0
        19         2        18         0         0
        20         2        19         0         0
        21         2        20         1        -1
        22         2        20         1         0
        23         2        20         1         1
        24         2        21         1        -1
        25         2        21         1         0
        26         2        21         1         1
        27         2        22         0         0
        28         2        23         2        -2
        29         2        23         2        -1
        30         2        23         2         0
        31         2        23         2         1
        32         2        23         2         2
        33         2        24         1        -1
        34         2        24         1         0
        35         2        24         1         1
        36         2        25         0         0
        37         3         1         0         0
        38         3         2         0         0
        39         3         3         1        -1
        40         3         3         1         0
        41         3         3         1         1
        42         3         4         2        -2
        43         3         4         2        -1
        44         3         4         2         0
        45         3         4         2         1
        46         3         4         2         2
        47         3         5         2        -2
        48         3         5         2        -1
        49         3         5         2         0
        50         3         5         2         1
        51         3         5         2         2
        52         3         6         3        -3
        53         3         6         3        -2
        54         3         6         3        -1
        55         3         6         3         0
        56         3         6         3         1
        57         3         6         3         2
        58         3         6         3         3
        59         3         7         0         0
        60         3         8         0         0
        61         3         9         1        -1
        62         3         9         1         0
        63         3         9         1         1
        64         3        10         1        -1
        65         3        10         1         0
        66         3        10         1         1
        67         3        11         2        -2
        68         3        11         2        -1
        69         3        11         2         0
        70         3        11         2         1
        71         3        11         2         2
        72         3        12         2        -2
        73         3        12         2        -1
        74         3        12         2         0
        75         3        12         2         1
        76         3        12         2         2
        77         3        13         4        -4
        78         3        13         4        -3
        79         3        13         4        -2
        80         3        13         4        -1
        81         3        13         4         0
        82         3        13         4         1
        83         3        13         4         2
        84         3        13         4         3
        85         3        13         4         4
        86         3        14         3        -3
        87         3        14         3        -2
        88         3        14         3        -1
        89         3        14         3         0
        90         3        14         3         1
        91         3        14         3         2
        92         3        14         3         3
        93         3        15         2        -2
        94         3        15         2        -1
        95         3        15         2         0
        96         3        15         2         1
        97         3        15         2         2
        98         3        16         1        -1
        99         3        16         1         0
       100         3        16         1         1
       101         3        17         0         0
       102         4         1         0         0
       103         4         2         0         0
       104         4         3         1        -1
       105         4         3         1         0
       106         4         3         1         1
       107         4         4         2        -2
       108         4         4         2        -1
       109         4         4         2         0
       110         4         4         2         1
       111         4         4         2         2
       112         4         5         2        -2
       113         4         5         2        -1
       114         4         5         2         0
       115         4         5         2         1
       116         4         5         2         2
       117         4         6         3        -3
       118         4         6         3        -2
       119         4         6         3        -1
       120         4         6         3         0
       121         4         6         3         1
       122         4         6         3         2
       123         4         6         3         3
       124         4         7         0         0
       125         4         8         0         0
       126         4         9         1        -1
       127         4         9         1         0
       128         4         9         1         1
       129         4        10         1        -1
       130         4        10         1         0
       131         4        10         1         1
       132         4        11         2        -2
       133         4        11         2        -1
       134         4        11         2         0
       135         4        11         2         1
       136         4        11         2         2
       137         4        12         2        -2
       138         4        12         2        -1
       139         4        12         2         0
       140         4        12         2         1
       141         4        12         2         2
       142         4        13         4        -4
       143         4        13         4        -3
       144         4        13         4        -2
       145         4        13         4        -1
       146         4        13         4         0
       147         4        13         4         1
       148         4        13         4         2
       149         4        13         4         3
       150         4        13         4         4
       151         4        14         3        -3
       152         4        14         3        -2
       153         4        14         3        -1
       154         4        14         3         0
       155         4        14         3         1
       156         4        14         3         2
       157         4        14         3         3
       158         4        15         2        -2
       159         4        15         2        -1
       160         4        15         2         0
       161         4        15         2         1
       162         4        15         2         2
       163         4        16         1        -1
       164         4        16         1         0
       165         4        16         1         1
       166         4        17         0         0
