         1         1         9         0         0
         2         1        10         0         0
         3         1        11         1        -1
         4         1        11         1         0
         5         1        11         1         1
         6         1        12         1        -1
         7         1        12         1         0
         8         1        12         1         1
         9         1        13         0         0
        10         1        14         2        -2
        11         1        14         2        -1
        12         1        14         2         0
        13         1        14         2         1
        14         1        14         2         2
        15         1        15         1        -1
        16         1        15         1         0
        17         1        15         1         1
        18         1        16         0         0
        19         2         9         0         0
        20         2        10         0         0
        21         2        11         1        -1
        22         2        11         1         0
        23         2        11         1         1
        24         2        12         1        -1
        25         2        12         1         0
        26         2        12         1         1
        27         2        13         0         0
        28         2        14         2        -2
        29         2        14         2        -1
        30         2        14         2         0
        31         2        14         2         1
        32         2        14         2         2
        33         2        15         1        -1
        34         2        15         1         0
        35         2        15         1         1
        36         2        16         0         0
        37         3         1         0         0
        38         3         2         0         0
        39         3         3         1        -1
        40         3         3         1         0
        41         3         3         1         1
        42         3         4         0         0
        43         3         5         1        -1
        44         3         5         1         0
        45         3         5         1         1
        46         3         6         2        -2
        47         3         6         2        -1
        48         3         6         2         0
        49         3         6         2         1
        50         3         6         2         2
        51         3         7         1        -1
        52         3         7         1         0
        53         3         7         1         1
        54         3         8         0         0
        55         4         1         0         0
        56         4         2         0         0
        57         4         3         1        -1
        58         4         3         1         0
        59         4         3         1         1
        60         4         4         0         0
        61         4         5         1        -1
        62         4         5         1         0
        63         4         5         1         1
        64         4         6         2        -2
        65         4         6         2        -1
        66         4         6         2         0
        67         4         6         2         1
        68         4         6         2         2
        69         4         7         1        -1
        70         4         7         1         0
        71         4         7         1         1
        72         4         8         0         0
